UUNITS = MILS
C1                   1075.00       1090.00        0    0805                
C2                   1069.00       1244.00        0    0805                
C6                   1817.00        997.00        0    0805                
C7                   1340.00        854.00        0    0805                
C10                  1984.00       1384.00        0    0805                
C11                  1512.00        662.00        0    0805                
C9                   1858.00       1706.00        0    0805                
C3                   1057.00       1730.00        0    0805                
C8                   2000.00       1190.00        0    0805                
C4                   1489.00       2140.00        0  m 0805                
C5                   1492.00       1975.00        0  m 0805                
COM1                 3207.00        814.00      180    DB9RA_M             
COM2                 410.00         990.40        0    DB9RA_M             
IED1                 1584.00        152.00        0    HDR1X5              
L1                   1570.00       1726.00        0    0805                
LED_3.1              2458.00       2044.00        0    0805                
LED_3.2              2207.00       2038.00        0    0805                
LED_3.3              788.00         360.00        0    0805                
LED_3.4              1071.00        363.00        0    0805                
LED_3.5              2203.00       2202.00        0    0805                
Q1                   2630.00       1035.00        0    SOT23_B             
Q2                   2630.00        827.00        0    SOT23_B             
Q3                   2630.00        617.00        0    SOT23_B             
Q4                   2881.00        422.00        0    SOT23_B             
Q5                   2392.00        468.00        0    SOT23_B             
Q6                   2397.00        283.00        0    SOT23_B             
Q7                   2877.00        245.00        0    SOT23_B             
Q8                   2639.00        427.00        0    SOT23_B             
R1                   1071.00       1547.00        0    0805                
R10                  2581.00       1720.00        0    0805                
R27                  2403.00        991.00        0    0805                
R31                  2413.00        660.00        0    0805                
R9                   2578.00       1570.00        0    0805                
R11                  1980.00       1537.00        0    0805                
R14                  2882.00        798.00        0    0805                
R18                  2163.00        273.00        0    0805                
R29                  821.00        1241.00        0    0805                
R3                   1301.00       1729.00        0    0805                
R30                  825.00        1080.00        0    0805                
R8                   2237.00       1570.00        0    0805                
R12                  2450.00       2198.00        0    0805                
R16                  1918.00       2038.00        0    0805                
R36                  783.00         165.00        0    0805                
R37                  1069.00        157.00        0    0805                
R38                  1916.00       2205.00        0    0805                
R13                  2881.00       1027.00        0    0805                
R17                  2164.00        457.00        0    0805                
R25                  2589.00       1868.00        0    0805                
R26                  1219.00        660.00        0    0805                
R28                  2409.00        820.00        0    0805                
R7                   2579.00       1413.00        0    0805                
R15                  2882.00        606.00        0    0805                
R19                  2649.00        243.00        0    0805                
R2                   1071.00       1390.00        0    0805                
R32                  847.00         855.00        0    0805                
R33                  1071.50        856.00        0    0805                
R5                   2239.00       1404.00        0    0805                
R6                   2229.00       1186.00        0    0805                
R34                  1862.00       1856.00        0    0805                
R35                  987.00        2025.00        0    0805                
R4                   1818.00        853.00        0    0805                
U1                   613.00        2005.00      270    DC205               
U10                  2782.00       1895.00      270    HR911105A           
U2                   1070.00       1877.00        0  m TO262               
U3                   1504.00       1153.00        0    NUC122LQFP48        
U5                   2176.00       1797.00        0    MAX485              
U8                   882.00         634.00        0    MAX485              
Y1                   1263.00       1400.00      270    XALTDIP2            
Y2                   1602.00       1008.00      180    XTAL-3_4MM-2P       
